2.4151777765163813, [359, 156, 78, 170, 135, 84, 83]
2.316975760527225, [359, 185, 138, 151, 180, 163, 83]
2.50005727299231, [359, 194, 116, 65, 151, 101, 193, 83]
2.291049420260207, [359, 84, 121, 85, 152, 112, 122, 83]
2.387144645103759, [359, 78, 114, 171, 118, 127, 83]
2.4859541526148434, [359, 194, 114, 198, 83]
2.5845750272251578, [359, 136, 81, 195, 83]
2.36622392967938, [359, 123, 77, 72, 83]
2.4225184288487425, [359, 116, 193, 147, 155, 83]
2.524521277651909, [359, 71, 98, 144, 113, 167, 83]
2.412465376650399, [359, 65, 197, 117, 169, 67, 117, 83]
2.5036428421887242, [359, 107, 77, 158, 83]
2.348762086619544, [359, 78, 103, 145, 174, 116, 87, 83]
2.4166371840759213, [359, 187, 104, 78, 108, 83]
2.436822049661416, [359, 152, 134, 72, 83]
2.3603771690326933, [359, 192, 199, 126, 144, 199, 96, 83]
2.4875586130075633, [359, 68, 104, 91, 198, 135, 83]
2.5109010780740704, [359, 96, 111, 125, 100, 162, 167, 83]
2.3317470682400603, [359, 98, 164, 194, 64, 83]
2.614113742100771, [359, 166, 90, 200, 83]
2.67214718807758, [359, 78, 153, 105, 187, 126, 83]
2.5506676060192466, [359, 115, 159, 195, 92, 99, 76, 83]
2.5773465734199585, [359, 134, 149, 91, 129, 108, 125, 83]
2.5190445487454802, [359, 197, 91, 91, 83]
2.6240973264820515, [359, 107, 147, 93, 138, 191, 155, 83]
2.568832421437444, [359, 192, 184, 90, 83]
2.5944779552715684, [359, 184, 179, 66, 166, 83]
2.3494546296669685, [359, 200, 125, 114, 122, 83]
2.4105837700619213, [359, 159, 176, 125, 115, 83]
2.469909333700247, [359, 102, 193, 194, 176, 164, 176, 83]
2.4610286552369236, [359, 144, 176, 65, 193, 117, 150, 83]
2.5475372278266195, [359, 192, 189, 193, 83]
2.4921138051504563, [359, 131, 186, 101, 83]
2.6352735116028687, [359, 132, 179, 161, 160, 187, 133, 83]
2.387780914994248, [359, 156, 66, 153, 159, 115, 191, 83]
2.319641458213958, [359, 145, 167, 192, 74, 105, 83]
2.479865544968206, [359, 70, 153, 175, 123, 176, 83]
2.5040557675871504, [359, 192, 111, 100, 72, 83]
2.4847670343212216, [359, 162, 111, 194, 83]
2.7590361501870073, [359, 117, 183, 179, 138, 176, 167, 83]
2.494472327884511, [359, 175, 162, 156, 191, 173, 145, 83]
2.604485266227051, [359, 117, 131, 96, 84, 83]
2.398656909974539, [359, 191, 199, 198, 191, 96, 178, 83]
2.34150117967188, [359, 182, 85, 101, 172, 83]
2.499881971916408, [359, 71, 90, 90, 84, 93, 83]
2.502927386437554, [359, 91, 174, 124, 83]
2.5873233691082302, [359, 67, 98, 112, 80, 109, 180, 83]
2.5753237437597107, [359, 162, 187, 100, 87, 83]
2.511388204455465, [359, 109, 158, 162, 83]
2.4620081023949885, [359, 179, 130, 191, 81, 88, 117, 83]
2.315030993725431, [359, 130, 167, 87, 177, 83]
2.424715577009701, [359, 149, 190, 193, 80, 167, 200, 83]
2.5573463915729424, [359, 102, 89, 162, 113, 76, 83]
2.438566220010889, [359, 198, 120, 99, 83, 128, 71, 83]
2.537453222902862, [359, 178, 155, 161, 129, 95, 149, 83]
2.3996883396973767, [359, 126, 188, 121, 121, 149, 83]
2.559623097612366, [359, 133, 78, 117, 83]
2.474208133090961, [359, 164, 71, 116, 123, 171, 83]
2.5695519588573514, [359, 166, 69, 172, 83]
2.6093159544248, [359, 179, 157, 110, 162, 118, 115, 83]
2.526904293704015, [359, 76, 177, 187, 169, 183, 126, 83]
2.4405643176018117, [359, 155, 121, 153, 180, 125, 83]
2.4582228102696027, [359, 190, 200, 192, 121, 185, 83]
2.5593016053606052, [359, 97, 159, 189, 83]
2.483934838988773, [359, 111, 152, 180, 192, 83]
2.4442570569442514, [359, 132, 85, 156, 139, 149, 92, 83]
2.5951700452659057, [359, 132, 110, 157, 148, 83]
2.4579224863751645, [359, 163, 96, 164, 86, 73, 83]
2.553971174184278, [359, 132, 163, 97, 159, 83]
2.6096723640214163, [359, 132, 67, 79, 83]
2.3185600010027367, [359, 143, 65, 191, 147, 187, 96, 83]
2.418463690276538, [359, 164, 75, 130, 83]
2.5084498523650356, [359, 137, 106, 107, 83]
2.5803677842683013, [359, 75, 158, 109, 83]
2.3265598560021403, [359, 98, 144, 153, 71, 83]
2.615866374842688, [359, 153, 178, 168, 83]
2.436985511459545, [359, 121, 177, 138, 183, 84, 83]
2.414626926235316, [359, 84, 90, 141, 162, 176, 83]
2.4936905712781314, [359, 144, 157, 186, 83]
2.485795743619821, [359, 122, 173, 200, 219, 221, 83]
2.489547237234347, [359, 107, 157, 227, 83]
2.5352013945708567, [359, 176, 162, 141, 90, 84, 83]
2.5218646879958726, [359, 186, 157, 144, 83]
2.4548180776277935, [359, 221, 219, 200, 173, 122, 83]
2.4388034837909536, [359, 227, 157, 107, 83]
2.507060109751849, [359, 230, 127, 90, 83]
2.6132825807533617, [359, 249, 191, 176, 172, 162, 141, 90, 84, 83]
2.293008371269757, [359, 186, 169, 157, 144, 83]
2.498620111792606, [359, 227, 221, 219, 200, 199, 157, 122, 107, 71, 83]
2.50786253591012, [359, 239, 230, 158, 128, 127, 118, 91, 90, 84, 83]
2.550826067360208, [359, 244, 200, 177, 133, 124, 120, 120, 83]
2.3233407259699943, [359, 236, 201, 158, 142, 129, 90, 87, 83, 83]
2.452934486273373, [359, 159, 122, 78, 83]
2.4856084022721476, [359, 180, 161, 153, 83]
2.542045939178487, [359, 244, 241, 150, 104, 77, 83]
2.585276108670486, [359, 203, 201, 173, 119, 71, 83]
2.43849546778891, [359, 231, 215, 175, 123, 113, 83, 73, 83]
2.5132987154569166, [359, 223, 180, 151, 122, 117, 109, 93, 84, 83]
2.506182100342766, [359, 193, 110, 83]
2.566963303690574, [359, 158, 140, 134, 114, 84, 78, 83]
2.5623310409149673, [359, 232, 232, 208, 205, 205, 198, 150, 132, 102, 83]
2.5408992763384277, [359, 204, 110, 97, 74, 83]
2.5103396310507464, [359, 141, 81, 83]
2.366341175411895, [359, 249, 191, 176, 172, 162, 141, 90, 84, 83]
2.4805080907985975, [359, 186, 169, 157, 144, 83]
2.4750449817790368, [359, 227, 221, 219, 200, 199, 157, 122, 107, 71, 83]
2.6702834084040923, [359, 239, 230, 158, 128, 127, 118, 91, 90, 84, 83]
2.6365999709074224, [359, 244, 200, 177, 133, 124, 120, 120, 83]
2.580979311899338, [359, 236, 201, 158, 142, 129, 90, 87, 83, 83]
2.4861809242267094, [359, 159, 122, 78, 83]
2.4052919824843304, [359, 180, 161, 153, 83]
2.474317675866243, [359, 244, 241, 150, 104, 77, 83]
2.4978022007855123, [359, 203, 201, 173, 119, 71, 83]
2.466889399129628, [359, 231, 215, 175, 123, 113, 83, 73, 83]
2.4627624861615525, [359, 223, 180, 151, 122, 117, 109, 93, 84, 83]
2.6082705617175406, [359, 193, 110, 83]
2.4965410322281927, [359, 158, 140, 134, 114, 84, 78, 83]
2.515781910923949, [359, 232, 232, 208, 205, 205, 198, 150, 132, 102, 83]
2.3981660083373897, [359, 204, 110, 97, 74, 83]
2.3421381252509237, [359, 141, 81, 83]
2.611464742917837, [359, 220, 117, 102, 83]
2.6228563934929263, [359, 244, 241, 173, 170, 168, 106, 104, 83]
2.607685137319053, [359, 211, 206, 200, 172, 96, 74, 70, 83]
2.3545385299699313, [359, 248, 193, 165, 159, 132, 121, 111, 84, 83]
2.506304645875654, [359, 240, 220, 212, 201, 165, 98, 83]
2.638932406961783, [359, 229, 155, 140, 97, 82, 83]
2.3513639615366166, [359, 239, 131, 114, 83]
2.5463028520854825, [359, 203, 97, 83]
2.515193226426021, [359, 177, 153, 144, 113, 99, 83]
2.4986326528331597, [359, 224, 198, 190, 190, 185, 172, 161, 96, 72, 83]
2.388206686914326, [359, 234, 131, 83]
2.5023257516436725, [359, 241, 120, 83]
2.3578466939498637, [359, 249, 229, 187, 182, 165, 131, 128, 121, 81, 83]
2.4853273337112225, [359, 200, 199, 182, 182, 170, 150, 108, 83]
2.390734431196386, [359, 199, 182, 123, 71, 83]
2.5491190717286285, [359, 241, 229, 229, 216, 199, 198, 195, 122, 83]
2.4393578483146636, [359, 214, 192, 185, 167, 138, 137, 107, 93, 83]
2.5343982470345248, [359, 213, 208, 193, 166, 162, 139, 72, 83]
2.4814000498946664, [359, 233, 217, 216, 216, 159, 83]
2.347323291499802, [359, 237, 230, 198, 197, 173, 151, 121, 108, 80, 83]
2.4325801089697756, [359, 247, 228, 220, 168, 111, 83]
2.657853277728904, [359, 213, 198, 182, 181, 159, 129, 117, 71, 83]
2.498045155655099, [359, 229, 216, 209, 168, 117, 106, 78, 83]
2.5145755279562376, [359, 230, 221, 221, 217, 200, 189, 185, 144, 123, 83]
2.395496334177049, [359, 235, 233, 83]
2.5301208803431776, [359, 222, 215, 197, 181, 179, 168, 162, 153, 151, 83]
2.5215230860332225, [359, 238, 232, 123, 83]
2.482240638177258, [359, 230, 211, 137, 102, 90, 83]
2.4570120365774057, [359, 245, 217, 214, 205, 204, 197, 197, 184, 102, 83]
2.4640185911096184, [359, 227, 188, 178, 120, 107, 91, 77, 83]
2.557381242835692, [359, 166, 99, 96, 90, 83]
2.5689153579222204, [359, 216, 180, 130, 117, 73, 83]
2.662696872674579, [359, 241, 227, 118, 86, 83]
2.601145789318673, [359, 193, 186, 168, 115, 106, 75, 83]
2.51252219399931, [359, 250, 230, 229, 185, 168, 164, 162, 136, 115, 83]
2.296570946803563, [359, 243, 183, 173, 136, 127, 123, 94, 93, 87, 83]
2.5393215277591294, [359, 244, 230, 224, 220, 199, 196, 173, 155, 86, 83]
2.649792469801179, [359, 245, 112, 83]
2.4464838717144026, [359, 239, 222, 221, 168, 129, 119, 95, 82, 83]
2.5184245170915993, [359, 204, 126, 105, 83]
2.6125170359222487, [359, 213, 211, 184, 134, 89, 77, 83]
2.4410719777603287, [359, 222, 212, 167, 161, 155, 135, 120, 101, 83]
2.400556746098291, [359, 219, 194, 132, 83]
2.449237778934886, [359, 155, 127, 118, 83]
2.4584630842735784, [359, 239, 170, 139, 123, 84, 83]
2.541173260414087, [359, 122, 77, 83]
2.4090214377190606, [359, 178, 177, 172, 75, 74, 83]
2.500164866603978, [359, 237, 213, 185, 168, 163, 124, 121, 116, 82, 83]
2.570390872182661, [359, 227, 193, 175, 83]
2.4361345361601225, [359, 214, 189, 132, 88, 83]
2.413667680871819, [359, 186, 159, 131, 127, 92, 83]
2.4706112651541514, [359, 209, 206, 198, 191, 165, 127, 103, 70, 83]
2.3288867285491963, [359, 198, 187, 186, 158, 138, 117, 85, 83]
2.5562716768751566, [359, 248, 223, 213, 162, 155, 145, 98, 83]
2.338403367226473, [359, 245, 213, 163, 154, 138, 116, 108, 83]
2.493734101572422, [359, 170, 138, 102, 92, 79, 83]
2.460516781444066, [359, 249, 216, 207, 165, 103, 83]
2.530825543521268, [359, 138, 73, 83]
2.475966901357948, [359, 247, 229, 221, 209, 197, 153, 149, 93, 71, 83]
2.392855170480234, [359, 248, 230, 193, 102, 83]
2.6364796474172048, [359, 170, 136, 134, 81, 83]
2.5376670563890857, [359, 237, 143, 83]
2.435904674304941, [359, 210, 113, 98, 81, 83]
2.395574728390398, [359, 223, 199, 162, 159, 150, 115, 104, 77, 83]
2.6214553408453756, [359, 231, 184, 159, 83]
2.4816435170281363, [359, 204, 127, 83]
2.3734501581425858, [359, 233, 226, 189, 183, 144, 90, 83]
2.475584780597072, [359, 246, 233, 221, 207, 170, 168, 83]
2.3843238598633425, [359, 221, 220, 182, 165, 106, 105, 92, 82, 81, 83]
2.463746230154444, [359, 174, 168, 83]
2.8315606529897375, [359, 210, 182, 181, 155, 153, 131, 86, 83]
2.467939421971587, [359, 246, 209, 169, 88, 83]
2.3832242315942254, [359, 216, 197, 145, 121, 97, 78, 83]
2.3798453093697147, [359, 213, 186, 180, 138, 83]
2.415849253677634, [359, 249, 209, 192, 94, 83]
2.4867045231222416, [359, 220, 213, 178, 126, 122, 108, 83]
2.5985954980298613, [359, 236, 232, 211, 202, 191, 111, 83]
2.5739536424386262, [359, 243, 215, 214, 145, 144, 143, 78, 76, 83]
2.4206995205482444, [359, 247, 239, 237, 206, 191, 96, 83]
2.3345683734729348, [359, 234, 98, 74, 83]
2.462367498706914, [359, 214, 205, 178, 155, 152, 140, 134, 83]
2.6258401407992067, [359, 201, 114, 83]
2.5014354177846023, [359, 236, 228, 177, 139, 88, 83]
2.482244748507166, [359, 195, 159, 108, 88, 83]
2.5269382796957194, [359, 242, 210, 195, 127, 83]
2.5262482886993696, [359, 236, 196, 174, 130, 70, 83]
2.555659732081737, [359, 222, 182, 161, 125, 83]
2.3957350235959765, [359, 235, 186, 83]
2.46060847622442, [359, 242, 242, 229, 130, 127, 116, 113, 83]
2.5770731771611666, [359, 233, 216, 215, 187, 149, 89, 83]
2.3800481839531873, [359, 228, 212, 187, 186, 123, 118, 83, 70, 83]
2.3762605934908767, [359, 213, 143, 85, 81, 83]
2.584334261905604, [359, 233, 225, 221, 191, 186, 171, 161, 159, 77, 83]
2.5049439953701818, [359, 247, 230, 226, 224, 214, 170, 129, 110, 97, 83]
2.4878468658741433, [359, 203, 184, 151, 116, 115, 104, 83]
2.498909968164109, [359, 125, 79, 83]
2.440184995980866, [359, 215, 188, 187, 178, 134, 102, 74, 83]
2.445751053874706, [359, 246, 246, 155, 154, 132, 128, 96, 95, 80, 83]
2.572874987610134, [359, 230, 218, 198, 174, 168, 167, 83]
2.4780138297556302, [359, 250, 202, 171, 164, 124, 122, 92, 75, 72, 83]
2.534477260290275, [359, 214, 179, 154, 152, 147, 70, 83]
2.3505871075171845, [359, 242, 182, 101, 73, 83]
2.5352937638810102, [359, 164, 161, 141, 83]
2.4307323365663014, [359, 231, 223, 192, 187, 123, 119, 81, 72, 83]
2.569845318088465, [359, 214, 202, 181, 126, 116, 83]
2.4426417155258626, [359, 248, 235, 211, 172, 154, 144, 135, 107, 83]
2.3245801353820106, [359, 167, 151, 99, 83]
2.7006748721138183, [359, 248, 235, 175, 160, 148, 121, 120, 99, 83]
2.56601159305884, [359, 202, 98, 83]
2.610018830968022, [359, 214, 207, 153, 143, 86, 83]
2.4168268281997305, [359, 220, 195, 184, 180, 138, 122, 112, 103, 75, 83]
2.5393261914595917, [359, 213, 201, 201, 187, 173, 164, 149, 77, 83]
2.5191897982484606, [359, 247, 229, 224, 191, 165, 162, 130, 120, 94, 83]
2.487683351345764, [359, 239, 161, 90, 74, 83]
2.4308848261071234, [359, 218, 202, 139, 91, 81, 70, 83]
2.618942312555141, [359, 246, 115, 103, 83]
2.4391723982501685, [359, 224, 190, 142, 125, 116, 114, 95, 83]
2.6024911938369812, [359, 176, 150, 132, 130, 117, 105, 95, 83]
2.4591143731145664, [359, 182, 77, 83]
2.7436998266906265, [359, 249, 196, 125, 116, 83]
2.4683313020042155, [359, 223, 199, 178, 147, 97, 83, 83, 83]
2.518496320703549, [359, 184, 125, 76, 72, 83]
2.441245038839933, [359, 220, 188, 184, 176, 107, 97, 87, 84, 83]
2.429135066326371, [359, 155, 108, 86, 83]
2.5788509001024065, [359, 195, 113, 94, 83]
2.6288617945537083, [359, 94, 82, 83]
2.6913081136229167, [359, 215, 207, 180, 178, 136, 83]
2.38865210963301, [359, 237, 180, 180, 103, 77, 83]
2.353476244920068, [359, 152, 111, 83]
2.4774937563441157, [359, 170, 75, 83]
2.3278272068456194, [359, 190, 178, 133, 128, 95, 83]
2.4126450195280187, [359, 250, 219, 83]
2.3914629132183927, [359, 181, 163, 144, 139, 131, 73, 83]
2.4621366793031703, [359, 221, 206, 200, 164, 124, 109, 100, 83]
2.4348255395979046, [359, 221, 144, 135, 105, 75, 73, 83]
2.538409346319084, [359, 248, 205, 203, 187, 182, 163, 148, 131, 83]
2.587534768672391, [359, 248, 242, 113, 83]
2.6071903602034974, [359, 223, 187, 139, 137, 89, 88, 83]
2.41792987124568, [359, 209, 116, 83]
2.5280350435379315, [359, 211, 159, 83]
2.6200239904858846, [359, 230, 208, 203, 195, 169, 146, 107, 106, 72, 83]
2.48329782044313, [359, 220, 79, 74, 83]
2.472589936061392, [359, 241, 199, 82, 83]
2.4439880216404437, [359, 212, 199, 170, 153, 142, 134, 132, 86, 78, 83]
2.6003373844083395, [359, 247, 232, 164, 163, 147, 138, 131, 118, 107, 83]
2.493633926476644, [359, 231, 206, 189, 145, 104, 70, 83]
2.5415053844754865, [359, 219, 174, 162, 141, 133, 133, 129, 83, 80, 83]
2.6281624368919307, [359, 234, 152, 104, 99, 74, 83]
2.4648232595983854, [359, 223, 201, 147, 131, 83]
2.974516448389784, [359, 158, 111, 83]
2.4781778613025467, [359, 141, 109, 108, 83]
2.4184570931537777, [359, 248, 235, 212, 194, 166, 132, 101, 92, 83, 83]
2.5469006483398196, [359, 222, 214, 83]
2.44841537661065, [359, 173, 122, 83]
2.8327170172504275, [359, 248, 248, 248, 204, 203, 136, 111, 108, 84, 83]
2.464910361432493, [359, 233, 226, 226, 224, 224, 166, 107, 102, 83]
2.52099578884621, [359, 192, 166, 155, 143, 135, 102, 79, 74, 83]
2.403136238272593, [359, 249, 228, 210, 178, 116, 107, 84, 83]
2.5743615504516946, [359, 226, 205, 145, 137, 116, 74, 83]
2.338083198553243, [359, 233, 224, 199, 184, 164, 105, 83]
2.4954248147999802, [359, 138, 112, 96, 83]
2.5236071645447713, [359, 203, 173, 143, 107, 80, 83]
2.2697144075341704, [359, 210, 209, 180, 176, 173, 159, 116, 115, 92, 83]
2.559665689361562, [359, 240, 202, 196, 189, 169, 141, 137, 129, 106, 83]
2.4429928495388773, [359, 191, 161, 100, 83]
2.4724143482486616, [359, 120, 98, 83]
2.5445508258215273, [359, 220, 170, 115, 110, 109, 80, 70, 83]
2.352055034436375, [359, 233, 179, 159, 132, 126, 70, 83]
2.3462435390766583, [359, 244, 237, 218, 212, 184, 124, 122, 83]
2.7150576294938396, [359, 249, 126, 83]
2.4565283387178463, [359, 238, 223, 159, 132, 104, 94, 83]
2.536335781234574, [359, 231, 204, 199, 107, 83]
2.656598139903227, [359, 240, 197, 177, 86, 83]
2.4304838947177565, [359, 249, 248, 221, 94, 83]
2.4198016479294413, [359, 246, 230, 223, 219, 157, 132, 98, 83]
2.50752528922363, [359, 183, 174, 153, 150, 118, 83]
2.368240574545911, [359, 217, 187, 83]
2.473155030316999, [359, 248, 210, 173, 140, 132, 118, 70, 83]
2.361517618379432, [359, 227, 131, 101, 98, 83]
2.649545124530826, [359, 242, 99, 83]
2.4206629627025182, [359, 244, 237, 184, 183, 182, 147, 88, 87, 70, 83]
2.3134382084685274, [359, 248, 235, 226, 201, 198, 132, 77, 83]
2.561911764810513, [359, 231, 200, 193, 179, 172, 156, 101, 79, 83]
2.329046935583633, [359, 247, 204, 162, 136, 134, 126, 101, 77, 83]
2.5558267804165653, [359, 231, 166, 161, 141, 136, 123, 120, 104, 77, 83]
2.448797420268676, [359, 234, 213, 211, 189, 157, 147, 124, 115, 101, 83]
2.494831966864596, [359, 230, 220, 216, 194, 181, 154, 143, 76, 76, 83]
2.2595270454791008, [359, 151, 105, 98, 71, 83]
2.56302128229178, [359, 217, 116, 83]
2.5267255650945457, [359, 209, 199, 188, 89, 83]
2.523627135108214, [359, 241, 235, 206, 168, 122, 106, 83]
2.480091708603439, [359, 227, 177, 155, 150, 93, 83]
2.5337900037007657, [359, 197, 184, 183, 172, 128, 109, 94, 83, 78, 83]
2.4743464689376395, [359, 91, 73, 83]
2.5380353323514964, [359, 178, 167, 98, 83]
2.5174608444032, [359, 215, 197, 169, 154, 144, 139, 111, 106, 83]
2.5121157842015016, [359, 235, 103, 83]
2.473021733636283, [359, 234, 222, 83]
2.444006362570876, [359, 191, 186, 175, 156, 155, 145, 96, 83]
2.3199763316100084, [359, 203, 100, 83]
2.4070279914863315, [359, 237, 167, 122, 81, 83]
2.4665382032439735, [359, 242, 223, 214, 207, 199, 191, 133, 115, 83]
2.5707735741443662, [359, 250, 176, 123, 120, 105, 83]
2.4719759629545623, [359, 218, 98, 95, 80, 83]
2.517730582376426, [359, 233, 221, 182, 180, 167, 124, 123, 108, 80, 83]
2.5170734246541935, [359, 219, 217, 150, 138, 125, 105, 102, 83]
2.474697813234595, [359, 223, 198, 178, 142, 130, 109, 86, 83]
2.6259452468435094, [359, 173, 111, 108, 94, 83]
2.517180043711406, [359, 248, 241, 200, 177, 83]
2.623683422391796, [359, 171, 170, 167, 118, 113, 88, 81, 83]
2.4392123986215113, [359, 143, 126, 124, 116, 86, 81, 83]
2.6055940708829968, [359, 218, 187, 152, 150, 149, 94, 77, 83]
2.588797470487385, [359, 212, 158, 81, 83]
2.5578613601473488, [359, 223, 178, 116, 95, 83]
2.404704990232341, [359, 220, 214, 204, 155, 148, 95, 85, 83, 79, 83]
2.5632601088597387, [359, 245, 206, 184, 141, 128, 76, 83]
2.344360154434612, [359, 236, 228, 215, 185, 172, 151, 86, 83, 83]
2.3701702922919248, [359, 240, 237, 200, 177, 177, 167, 114, 108, 106, 83]
2.55457974762869, [359, 239, 230, 222, 210, 189, 162, 85, 73, 83]
2.6226758926798284, [359, 239, 227, 195, 124, 103, 83]
2.3992319281257872, [359, 229, 210, 87, 82, 83]
2.4669121738206257, [359, 227, 192, 190, 131, 115, 108, 98, 85, 79, 83]
2.5150442597742404, [359, 172, 153, 83]
2.431829377570111, [359, 246, 242, 211, 189, 134, 72, 83]
2.5437073189142465, [359, 250, 245, 222, 215, 142, 137, 106, 83]
2.3763031211619947, [359, 240, 209, 193, 190, 157, 130, 118, 106, 83]
2.497876836909318, [359, 157, 146, 132, 131, 115, 108, 80, 83]
2.3809045661437183, [359, 222, 121, 73, 83]
2.4569910492108438, [359, 217, 162, 141, 132, 83]
2.4110399214988463, [359, 238, 186, 179, 176, 143, 126, 72, 83]
2.3747279091154687, [359, 246, 168, 123, 116, 89, 78, 75, 74, 74, 83]
2.4064041516939962, [359, 232, 192, 130, 83]
2.569066771045776, [359, 214, 151, 131, 83]
2.522517574158307, [359, 229, 211, 194, 189, 158, 142, 137, 82, 72, 83]
2.49986735014806, [359, 192, 174, 167, 136, 98, 80, 83]
2.64157952885424, [359, 222, 145, 83]
2.3857674905272894, [359, 109, 94, 78, 83]
2.339598425760506, [359, 245, 208, 202, 193, 141, 107, 83]
2.5058681033585355, [359, 215, 129, 106, 83]
2.7060185841161264, [359, 184, 183, 162, 150, 136, 131, 114, 109, 97, 83]
2.3438302374069, [359, 237, 216, 167, 160, 149, 109, 109, 102, 75, 83]
2.406888125734039, [359, 238, 166, 128, 128, 117, 83]
2.5714637157282825, [359, 250, 239, 176, 169, 158, 114, 83]
2.3345908413966554, [359, 235, 224, 202, 127, 114, 100, 92, 76, 83]
2.4182527888549425, [359, 229, 207, 176, 83]
2.4406774725899645, [359, 228, 227, 169, 151, 108, 71, 83]
2.3478565931337023, [359, 224, 182, 146, 115, 108, 82, 81, 83]
2.42425937175257, [359, 173, 86, 83]
2.515896742723613, [359, 232, 227, 178, 167, 157, 143, 139, 132, 83]
2.5204192881910017, [359, 217, 148, 129, 106, 91, 83]
2.5694098249661272, [359, 219, 214, 207, 189, 187, 137, 91, 86, 81, 83]
2.360341051980539, [359, 244, 119, 98, 83, 83]
2.5063534410143022, [359, 249, 233, 194, 98, 76, 83]
2.497379224502807, [359, 203, 180, 148, 102, 83]
2.6886520630926882, [359, 248, 243, 210, 168, 127, 108, 98, 95, 73, 83]
2.484297695681902, [359, 244, 226, 199, 188, 185, 144, 101, 98, 83]
2.5357314703663456, [359, 195, 161, 153, 150, 96, 91, 90, 83]
2.430626716824944, [359, 216, 200, 193, 170, 153, 127, 75, 70, 83]
2.542728082070419, [359, 232, 231, 133, 94, 93, 84, 81, 83]
2.5827598630417, [359, 141, 96, 84, 83]
2.453571329623775, [359, 243, 214, 162, 122, 77, 83]
2.4857049153085393, [359, 250, 243, 241, 200, 162, 119, 96, 93, 83]
2.5550105017968954, [359, 217, 200, 191, 115, 84, 83]
2.577766446082527, [359, 195, 86, 83]
2.4718178915824875, [359, 245, 235, 153, 132, 78, 83]
2.4118780997873515, [359, 208, 199, 186, 157, 141, 141, 133, 83]
2.2878803187793304, [359, 235, 179, 164, 151, 133, 87, 83]
2.5357874919267664, [359, 248, 238, 205, 171, 157, 114, 102, 80, 80, 83]
2.4523796683098804, [359, 214, 145, 83]
2.5442312808432446, [359, 229, 115, 83]
2.6343496357533995, [359, 237, 230, 229, 217, 161, 155, 149, 123, 83]
2.395002652817484, [359, 166, 102, 71, 83]
2.438260571233345, [359, 230, 227, 83]
2.589489748646472, [359, 235, 223, 219, 185, 172, 172, 83]
2.36869362001139, [359, 243, 212, 191, 83]
2.314784632996286, [359, 241, 188, 175, 83]
2.518805505606312, [359, 173, 130, 83]
2.4429409991052133, [359, 203, 192, 78, 75, 83]
2.321188821952723, [359, 229, 172, 83]
2.585640816026401, [359, 183, 77, 83]
2.4038961486778705, [359, 247, 196, 180, 161, 153, 153, 131, 131, 76, 83]
2.4430243137214016, [359, 223, 203, 201, 196, 196, 127, 110, 91, 72, 83]
2.5585427338392077, [359, 175, 156, 83, 81, 81, 83]
2.3443328491086697, [359, 216, 191, 169, 124, 114, 94, 83]
2.5657735598963654, [359, 205, 188, 122, 120, 113, 101, 83]
2.3678906544106058, [359, 219, 215, 106, 83]
2.488404213632625, [359, 225, 204, 200, 174, 166, 162, 128, 125, 104, 83]
2.3645165966523543, [359, 228, 217, 163, 118, 93, 83]
2.5677045445465647, [359, 221, 195, 177, 119, 89, 73, 83]
2.426809208691457, [359, 248, 165, 83]
2.4208411943829473, [359, 233, 186, 83]
2.5011127391381263, [359, 231, 148, 135, 83]
2.564515819718657, [359, 239, 194, 184, 108, 75, 83]
2.545645335606153, [359, 212, 200, 109, 90, 87, 83]
2.394892663633765, [359, 168, 95, 83]
2.2784222922046635, [359, 241, 188, 169, 156, 147, 111, 106, 83, 71, 83]
2.428745087065891, [359, 235, 194, 180, 131, 129, 110, 83]
2.4288357766513453, [359, 214, 199, 192, 158, 153, 139, 97, 83]
2.5788438444665402, [359, 237, 232, 74, 83]
2.425336490211312, [359, 233, 220, 116, 114, 100, 83]
2.387793960797612, [359, 187, 149, 83, 79, 83]
2.6477021378896994, [359, 162, 145, 79, 83]
2.488995292195938, [359, 240, 202, 174, 89, 77, 70, 70, 83]
2.4997504491235563, [359, 187, 133, 83]
2.366574018648882, [359, 244, 234, 190, 176, 97, 83]
2.4892967546515794, [359, 234, 225, 189, 125, 118, 113, 83]
2.4500046750266913, [359, 217, 203, 199, 183, 177, 147, 106, 89, 83]
2.531167234489358, [359, 188, 98, 70, 83]
2.493102032952403, [359, 248, 230, 138, 128, 83]
2.4052853484278973, [359, 250, 195, 119, 112, 98, 89, 81, 83]
2.6379146352376655, [359, 240, 108, 83]
2.457370489445818, [359, 241, 220, 107, 83]
2.425180342594296, [359, 220, 197, 195, 121, 114, 83]
2.4020921710864584, [359, 247, 226, 198, 193, 188, 165, 154, 77, 77, 83]
2.3483560187573804, [359, 244, 240, 188, 155, 124, 103, 74, 83]
2.4816642908096114, [359, 227, 214, 183, 83]
2.576754262264683, [359, 205, 182, 116, 83]
2.4346151102962623, [359, 158, 141, 115, 102, 70, 83]
2.6023989280697, [359, 211, 122, 117, 100, 83]
2.4696377021821596, [359, 238, 230, 174, 159, 142, 132, 83]
2.539488140302878, [359, 245, 82, 83]
2.5614961737887487, [359, 228, 146, 83]
2.5620056815198566, [359, 167, 137, 83]
2.4033148772734028, [359, 210, 201, 171, 171, 151, 88, 83]
2.52842051399176, [359, 152, 92, 83]
2.4930461527622607, [359, 212, 198, 158, 157, 144, 123, 83]
2.398390601566398, [359, 212, 145, 83]
2.417013939449294, [359, 230, 216, 162, 129, 118, 104, 83]
2.523364305543343, [359, 179, 171, 168, 143, 80, 83]
2.6574688450596016, [359, 243, 78, 72, 83]
2.494330120746731, [359, 225, 223, 186, 141, 117, 95, 83]
2.489830034660703, [359, 202, 81, 83]
2.2938163849973985, [359, 117, 113, 106, 83]
2.3986111835150203, [359, 245, 156, 139, 112, 84, 83]
2.5208175567724926, [359, 240, 220, 192, 177, 176, 149, 90, 83]
2.395975370259103, [359, 212, 193, 186, 137, 120, 105, 94, 84, 83]
2.543755744742678, [359, 210, 194, 186, 147, 103, 88, 83]
2.555806868180565, [359, 226, 225, 205, 104, 96, 83]
2.6124449351129226, [359, 246, 233, 227, 215, 201, 175, 159, 146, 71, 83]
2.450945675331561, [359, 163, 76, 83]
2.395889691819636, [359, 239, 228, 210, 177, 143, 140, 125, 108, 83]
2.524951718670193, [359, 187, 153, 123, 111, 105, 76, 83]
2.4566451717975983, [359, 241, 189, 83]
2.5740271402724897, [359, 219, 210, 192, 188, 175, 116, 83]
2.3523512673962594, [359, 206, 191, 95, 90, 84, 79, 78, 83]
2.488702321426202, [359, 239, 194, 83]
2.6183330739797825, [359, 223, 221, 221, 160, 137, 119, 118, 106, 88, 83]
2.6016601878902814, [359, 236, 216, 215, 158, 129, 83]
2.4635279592642756, [359, 244, 230, 177, 138, 118, 83]
2.503361974437497, [359, 245, 232, 229, 219, 218, 212, 106, 80, 83]
2.3973071923563594, [359, 222, 147, 146, 83]
2.583449914511742, [359, 133, 104, 76, 83]
2.451583283369048, [359, 236, 215, 194, 187, 136, 111, 83]
2.5150720589524918, [359, 115, 93, 83]
2.533214432464531, [359, 171, 137, 111, 101, 83]
2.5227990477693725, [359, 233, 205, 200, 178, 166, 166, 142, 105, 83]
2.570966718118099, [359, 238, 139, 118, 82, 83]
2.4009068427427884, [359, 241, 229, 199, 96, 74, 83]
2.614002676684331, [359, 194, 136, 127, 119, 113, 77, 83]
2.7874140461457957, [359, 241, 199, 155, 139, 83]
2.273758228061474, [359, 171, 167, 104, 83]
2.558876216355487, [359, 219, 185, 146, 113, 105, 100, 99, 77, 83]
2.548136793192566, [359, 227, 214, 213, 190, 175, 124, 124, 81, 83]
2.299577801437846, [359, 213, 209, 205, 184, 173, 161, 99, 92, 72, 83]
2.454742741138753, [359, 218, 190, 177, 173, 134, 99, 74, 83]
2.407018230460775, [359, 230, 219, 107, 101, 85, 83]
2.343610378880761, [359, 220, 211, 183, 135, 105, 83]
2.501243970709213, [359, 154, 71, 83]
2.4944553232440407, [359, 249, 220, 144, 136, 83]
2.5400682713645684, [359, 232, 124, 75, 83]
2.5056913331420305, [359, 240, 212, 170, 155, 129, 118, 81, 83]
2.4568189608309057, [359, 242, 235, 151, 83]
2.514921586759703, [359, 227, 227, 203, 136, 83]
2.643827989915139, [359, 249, 232, 218, 212, 160, 142, 135, 83, 76, 83]
2.5400012690169986, [359, 232, 89, 79, 83]
2.4931013121112557, [359, 123, 94, 83]
2.4946023998024636, [359, 233, 164, 83]
2.608788472623845, [359, 249, 200, 194, 179, 149, 134, 123, 83]
2.4211614567909883, [359, 238, 210, 203, 94, 83]
2.3287282418066932, [359, 242, 218, 205, 148, 137, 94, 83]
2.521312639897083, [359, 197, 165, 161, 101, 81, 83]
2.5760104550738787, [359, 215, 203, 147, 129, 100, 89, 83]
2.404965512527445, [359, 231, 220, 199, 162, 129, 112, 100, 79, 74, 83]
2.452131627558405, [359, 249, 162, 84, 83]
2.39838329477864, [359, 172, 141, 90, 83]
2.655870395512825, [359, 157, 144, 83]
2.415416059634615, [359, 169, 83]
2.508605753748217, [359, 219, 122, 71, 83]
2.524321449579424, [359, 199, 107, 83]
2.3478024280658105, [359, 230, 83]
2.5391329169105066, [359, 158, 91, 83]
2.4924770704840857, [359, 128, 83]
2.520231732650918, [359, 244, 239, 84, 83]
2.5006306000909464, [359, 177, 120, 83]
2.3072620133622497, [359, 200, 133, 120, 83]
2.438396053165983, [359, 236, 142, 90, 83]
2.5335308826629475, [359, 201, 158, 83]
2.4121409238201106, [359, 159, 78, 83]
2.4066943342741354, [359, 199, 83]
2.4578556214599496, [359, 244, 241, 77, 83]
2.4856853811631363, [359, 233, 150, 119, 83]
2.3325822708320367, [359, 203, 123, 83]
2.5029357642459917, [359, 123, 73, 83]
2.528709076858877, [359, 215, 83]
2.5919564902126027, [359, 231, 113, 83]
2.4929385023573083, [359, 164, 83, 83]
2.63258342520188, [359, 180, 151, 109, 83]
2.217812377508275, [359, 93, 83]
2.451100227348955, [359, 193, 110, 83]
2.3811769632723587, [359, 84, 83]
2.588043927799641, [359, 134, 83]
2.562093800795966, [359, 140, 83]
2.499432515461946, [359, 157, 83]
2.314496290904795, [359, 205, 83]
2.5094144126189963, [359, 208, 205, 150, 83]
2.4467667160062008, [359, 232, 192, 102, 83]
2.531707642480439, [359, 110, 83]
2.403851416641959, [359, 231, 141, 81, 83]
2.5677741062445905, [359, 117, 83]
2.3621165632475054, [359, 220, 131, 106, 83]
2.5396661522551383, [359, 241, 173, 104, 83]
2.472676504475166, [359, 170, 83]
2.6515113364820615, [359, 200, 74, 70, 83]
2.3522246390087416, [359, 211, 172, 83]
2.5438040209075723, [359, 206, 159, 84, 83]
2.5078379548250145, [359, 248, 193, 83]
2.679548026984894, [359, 165, 165, 121, 83]
2.37895677895734, [359, 220, 212, 83]
2.453656612461747, [359, 105, 98, 82, 83]
2.521253828317802, [359, 155, 135, 97, 83]
2.4141283528722193, [359, 131, 114, 83]
2.571509481770132, [359, 203, 83]
2.5683934770159826, [359, 197, 144, 83]
2.633520137841802, [359, 198, 161, 83]
2.553171094182699, [359, 96, 83]
2.4843276764092272, [359, 190, 185, 83]
2.604018652719356, [359, 72, 83]
2.5370339129434294, [359, 224, 206, 131, 83]
2.4110832157584063, [359, 120, 83]
2.3266211500462894, [359, 241, 221, 83]
2.5840667645974333, [359, 229, 187, 128, 83]
2.385539214984452, [359, 249, 83]
2.591324435981237, [359, 131, 83]
2.6012615468454023, [359, 121, 83]
2.558841881205339, [359, 199, 108, 83]
2.512243429802538, [359, 182, 182, 170, 83]
2.5102793109822032, [359, 182, 83]
2.6028190355119576, [359, 199, 123, 83]
